100 128
54 87 51 13 45 117 79 89 93 62 71 50 85 122 9 9 70 33 24 27 35 12 28 36 31 119 126 80 127 0 96 20 74 54 55 87 79 88 94 76 107 37 41 120 103 109 121 41 24 12 121 124 57 81 51 16 37 81 15 103 104 43 81 27 0 60 7 14 8 68 116 47 71 58 87 26 122 92 61 26 73 57 30 46 118 16 19 65 66 115 103 118 109 120 10 79 6 82 48 31
2 1
3 2
4 1
5 1
6 2
7 4
8 6
9 8
10 6
11 2
12 4
13 6
14 5
15 12
16 10
17 13
18 8
19 15
20 3
21 7
22 2
23 3
24 12
25 20
26 13
27 2
28 26
29 20
30 17
31 2
32 22
33 14
34 19
35 24
36 35
37 18
38 6
39 6
40 6
41 2
42 39
43 37
44 15
45 14
46 7
47 6
48 7
49 17
50 49
51 39
52 8
53 4
54 3
55 47
56 50
57 19
58 26
59 13
60 50
61 41
62 3
63 7
64 47
65 19
66 52
67 15
68 48
69 59
70 56
71 68
72 13
73 25
74 43
75 40
76 6
77 21
78 9
79 62
80 37
81 32
82 67
83 81
84 9
85 21
86 47
87 80
88 6
89 76
90 43
91 76
92 26
93 73
94 11
95 81
96 82
97 11
98 1
99 24
100 65
