100
-975.607 711.596 -451.955
46.124 -639.584 341.336
-881.455 -704.233 540.333
864.596 834.274 -45.844
-189.724 -39.043 -762.091
981.829 398.488 -146.562
-940.412 -186.354 -402.979
-558.443 662.172 524.292
783.844 797.861 11.987
-794.036 -310.461 -536.453
-243.635 -259.801 -892.947
860.431 253.836 964.578
537.970 -755.988 -4.028
-997.085 -780.958 -429.945
-138.895 -747.726 -568.356
573.389 117.977 205.970
874.841 -51.877 -705.515
-91.489 -78.016 966.876
-435.320 -32.693 314.822
-760.972 -445.752 -316.280
-705.744 855.928 -119.447
-978.718 927.744 909.939
624.949 -906.069 454.011
-553.827 -390.165 657.080
96.638 -347.559 816.959
154.605 289.362 -8.260
-553.557 -626.580 404.535
266.247 -45.068 352.022
162.541 -475.213 439.716
-780.498 -634.426 74.032
-796.264 -435.547 445.490
-595.349 66.705 -880.011
-817.624 296.028 146.311
802.605 -540.328 -232.716
440.333 962.372 45.109
-921.891 -259.707 -470.969
68.191 -429.629 -566.753
109.205 -507.677 -681.262
-534.477 419.635 7.193
-921.130 878.261 874.134
130.831 -515.800 -791.102
-289.623 997.005 -528.568
647.535 550.747 591.732
-550.283 33.595 950.792
-620.131 -353.405 137.630
368.473 -805.963 -575.917
93.559 281.237 845.033
760.863 39.158 162.051
658.955 -999.058 -257.202
257.034 924.437 448.223
78.648 746.467 -656.523
-140.968 -912.933 -511.495
267.249 -285.490 324.492
-156.252 -522.584 558.127
764.681 644.450 -17.086
-331.326 -582.793 406.609
393.128 -346.253 -994.957
-900.360 -524.581 -746.607
-578.232 279.588 728.405
-517.219 -187.964 767.648
358.753 -660.427 -382.317
23.347 -588.357 -520.502
-570.516 712.907 -967.250
-772.788 118.931 -452.869
-459.991 -946.246 894.170
-177.840 755.270 -936.827
580.013 -827.381 -583.888
-996.694 524.363 -922.898
730.895 349.474 43.409
-16.792 661.385 186.011
-708.299 720.711 -692.405
-100.103 478.032 -179.502
-521.738 299.168 -344.238
-683.546 488.999 229.563
-302.269 684.068 343.548
-991.070 -488.483 -783.911
-305.960 -433.944 295.269
943.277 256.056 -259.594
-909.486 -824.231 680.789
-742.140 589.512 712.704
-46.352 535.751 246.984
886.633 -465.040 823.212
-267.137 296.432 -394.238
122.579 -291.956 -356.992
671.796 978.024 -845.797
252.068 -619.717 -292.586
927.577 130.293 20.288
-583.166 -605.896 -598.956
611.203 -807.943 351.910
-215.122 -34.005 854.267
-244.844 637.547 -410.865
-204.813 -924.499 900.225
-898.275 -596.041 897.492
421.466 -405.064 -617.052
-867.842 416.199 965.966
231.772 306.644 825.956
-208.110 -952.295 491.929
861.465 324.043 963.335
871.761 739.203 702.513
-368.800 -430.588 -293.798
