350
855118269122609152
857209042022432768
855789022755160064
857759648239845376
857664480354500608
854902034699124736
855123165385326592
858383921736318976
858227653646221312
858018016292503552
855503029472854016
854840212939866112
858081461549400064
855478677008285696
856180242736218112
857318898695929856
856148640366854144
855138180590993408
856666175336087552
854934470292144128
857493772584353792
855470336181796864
854818274246918144
856929989407277056
857992057510166528
858056817027055616
856889865822797824
858278720807370752
858372196475600896
856764332518670336
855553005712310272
856215573137195008
855261308713435136
855743796749533184
855304816732143616
858868385457373184
854739985583046656
858432781284278272
858660509040246784
857939006074126336
857165010017714176
858658834003001344
856315989472575488
857877742660616192
858432334607679488
856935607224500224
856327285236563968
856796312845156352
857975083799412736
857680148395196416
857258760563851264
857015184378560512
855702410444668928
857323923807666176
854966149970919424
856432881302503424
856510190713831424
858260656174923776
854772026039074816
856821721871679488
856127646566711296
858534494699782144
856807136162742272
856263582281629696
857388202288218112
857379844281860096
855736203247353856
858434172853682176
857139927408705536
855451704613666816
855782640433758208
857576983280746496
858070947469459456
856481276993994752
857310935826563072
857160569021530112
856188514843230208
855581756223389696
856598297672941568
858070071296131072
855058191120072704
855778560214827008
856965732125114368
856974433728856064
855197382420201472
858865860016603136
857820301767999488
855340937407102976
858326704182001664
855345198014660608
858660783918153728
857278190995898368
855149983161122816
857516037694816256
855160703399493632
857535416587255808
855521918739021824
856884239415640064
856988839049166848
856529131519606784
858460114456150016
858227395948183552
857541687239507968
855950805583265792
856479885424590848
856922464624574464
854917445041782784
855981067922833408
854796292604297216
856837261063356416
856128385301086208
858697566018076672
858031983526150144
857801936487841792
855250665784475648
855722107164688384
855283084197625856
857766984043986944
856886739086606336
858740129143980032
858769438000807936
858781618528059392
858778380122718208
858730989453574144
856191349521645568
858497257333325824
858964927732252672
858582211786440704
856249091061972992
856039719996227584
855482241831141376
856935942231949312
856266614528540672
858353968634396672
857156712140898304
857186605113278464
855454925839138816
855629567799328768
858684655346384896
858311577307185152
855744140346916864
857852084525989888
856406295454941184
858664426050420736
855673015688495104
855881055314378752
855893003913396224
855897333240430592
857423996545662976
857950860183863296
858359251444170752
855803015758610432
856089507257122816
858325596080439296
855862415156314112
857971424487276544
856159979080515584
858950951908671488
856078546500583424
855849023448285184
858344622785560576
857468088679923712
855260716007948288
858490780522643456
856877771194892288
855697849189400576
855228074256498688
855602964771897344
856247854111391744
858291794687819776
855632428247547904
855600473690865664
855354681302450176
855450484842954752
856859637842968576
855127048035762176
855561690136182784
854704302994751488
856636256593903616
856094558138662912
855514505625468928
856602626999975936
858907718767869952
857342306267693056
855436835436888064
857345707881791488
856063084618317824
858297919311183872
857338122969546752
855519144190148608
855975656264040448
857058572138184704
855901172941193216
857511742727520256
856061486890483712
855046345600270336
857677880652464128
858601470419795968
858871426294218752
855897006822916096
855530422774267904
855148591591718912
855438819711778816
858690934588571648
856152119290363904
856337636107747328
855207990989422592
855337312454705152
854949287929315328
856467747847012352
858400311331520512
858793524177403904
856564882827378688
855472603924529152
855064478952194048
855212689683644416
857210261793144832
854755318616293376
856964486584598528
857048195497197568
856474190297956352
858940085641412608
856378515606470656
855759061063303168
855345146475053056
855500916348944384
856835620385849344
854765892825776128
857214788688674816
854862649849020416
856990548446150656
854997305663684608
858604279328407552
856537970562301952
856703730530123776
857579079224786944
857441262314192896
855122701528858624
855427352149098496
857082340487200768
858490522824605696
855307599870951424
856745932878774272
858149545370976256
857631950272200704
858310297406930944
854940088109367296
855429791690522624
855031132826107904
858973887034032128
856068917183905792
857918673698947072
857511407720071168
855200474796654592
857917256359739392
857787007181520896
858266712078811136
855836877280772096
857436589389774848
858273309148577792
854748953474760704
856081561567625216
854952698133348352
858553822052614144
854843605964029952
855375348685078528
856621387417124864
858042978642427904
854699655840137216
856679841922023424
856154902429171712
856768610306097152
855914556059287552
856082575179907072
857158567566770176
856009199958622208
854839611644444672
854744890435698688
857058958685241344
855281744167829504
858766989869449216
857881462102294528
855032713374072832
856780954042105856
855506714554793984
855789641230450688
858601882736656384
856345865265086464
857998096234184704
857086867382730752
856503722493083648
855336307432357888
854751100958408704
857548361618685952
858048519150239744
858390286877851648
855609123754999808
857873851420246016
857385694027317248
856327826402443264
856392560149528576
858431106247032832
855625083853471744
855251885555187712
855852476601991168
855860456651227136
856243997230759936
856107030723690496
856059863392845824
856119864085970944
857292441697386496
857771828767096832
855836757021687808
857740527045443584
854808361462398976
855924967060013056
857196182890348544
857197780618182656
855856625540399104
855597097846571008
854812922717667328
856678476122423296
856694908667297792
857413911962451968
857679787617943552
857950800054321152
856677926366609408
858317530131857408
855799622734446592
857217236820033536
857560155598880768
854773486327955456
855248810358603776
858021512395882496
855795525335646208
856499676633890816
856685433969442816
858395466608410624
857449560191008768
857608035894296576
855913284748967936
858341916956164096
858199736358797312
857861696662798336
858481615062433792
576460752303423488
864691128455135232
450283905890997363
298023223876953125
614889782588491410